0.870407 43
0.263311 8
0.000164 40
0.000031 1
2.374994 1
0.129218 1
0.155439 1
0.120223 1
0.401359 1
0.269523 1
0.280503 1
0.164212 1
0.185713 1
0.154757 1
0.299075 1
0.106004 1
0.159026 1
0.106224 2
0.229782 49
0.076822 68
0.155968 7
0.001114 4
0.004957 1992
0.002014 12
0.000363 1
1.158355 2
0.013402 5
0.007537 2
0.013264 4
0.007501 1
0.017532 4
0.019564 4
0.014655 1
0.010711 4
0.052072 5
0.008389 4
0.000499 4
0.000105 3
0.000375 3
0.000040 1
0.000464 1
0.009948 5
0.011898 4
0.006445 2
0.000417 1
0.018001 5
0.006606 3
0.011523 2
0.007557 4
0.010848 3
0.009430 2
0.002277 2
0.006850 1
0.006206 2
0.014345 1
0.003602 3
0.006003 2
0.074908 1
0.005035 1
0.000578 1
0.000346 1
0.019105 1
0.011043 1
0.005185 1
0.019929 1
0.028706 1
0.010498 1
0.009451 1
0.021218 1
0.019019 1
0.020992 1
0.013634 1
0.017213 1
0.032650 1
0.006337 1
0.013765 1
0.006893 1
0.018241 2
0.061185 2
0.055694 2
0.124377 36
1.155619 19
0.648687 19
0.079168 1
0.152835 6
0.000146 12
0.000106 15
0.083989 31
0.081804 83
0.032595 1
8.257471 1
0.171254 1
0.145676 1
0.326157 10
0.794812 2
0.275061 15
0.077092 13
0.000016 14
0.000013 7
0.000088 68
0.165605 7
0.000072 4
0.005922 1992
0.002181 12
0.000397 2
0.598699 4
0.008868 3
0.006538 1
0.009736 3
0.010432 3
0.013359 2
0.006954 2
0.028386 2
0.006165 2
0.004499 3
0.009210 2
0.015903 4
0.009957 6
0.000538 2
0.008321 3
0.010958 1
0.010128 3
0.000314 3
0.010107 1
0.014367 1
0.001244 4
0.028453 5
0.000469 2
0.060091 2
0.010115 2
0.010765 4
0.013391 5
0.010798 2
0.019847 2
0.005851 18
0.026388 4
0.000130 2
0.012160 2
0.005956 6
0.021000 4
0.000443 3
0.000013 2
0.000485 2
0.007985 7
0.008670 4
0.016860 4
0.000099 4
0.009677 4
0.013622 1
0.060139 3
0.005932 1
0.009712 3
0.010051 4
0.010391 2
0.014266 5
0.025764 3
0.008777 3
0.000030 5
0.000505 7
0.010357 4
0.004644 2
0.000030 2
0.005414 1
0.008314 2
0.001745 3
0.000029 1
0.000405 1
0.014315 6
0.009648 4
0.000486 7
0.010618 2
0.000395 7
0.008677 1
0.000358 1
0.009967 9
0.008947 1
0.064535 2
0.005814 2
0.004985 1
0.006185 2
0.013241 4
0.006049 1
0.020551 4
0.009047 3
0.000050 7
0.010490 2
0.000393 5
0.005421 2
0.000479 2
0.007412 1
0.021757 6
0.009218 4
0.000425 9
0.016182 1
0.000298 6
0.012610 3
0.000479 7
0.005645 2
0.000409 4
0.004443 2
0.005464 3
0.014220 3
0.004826 3
0.006324 2
0.008001 1
0.044564 2
0.006172 1
0.010426 3
0.008795 2
0.010592 5
0.006298 1
0.008473 4
0.015371 2
0.019065 6
0.005953 7
0.015272 4
0.000459 2
0.000866 3
0.000026 4
0.000497 3
0.012080 1
0.005611 7
0.005258 2
0.000381 6
0.019902 4
0.000502 2
0.014956 2
0.008723 5
0.000097 3
0.000425 4
0.010123 4
0.000029 4
0.005956 1
0.000408 4
0.007523 5
0.017040 3
0.000484 1
0.000428 4
0.018250 4
0.000031 1
0.010390 3
0.008808 4
0.000051 2
0.060500 2
0.004519 3
0.006155 2
0.009666 2
0.009915 1
0.019413 1
0.014298 2
0.000312 5
0.005874 5
0.016298 5
0.018495 2
0.011231 3
0.013478 1
0.036268 4
0.019457 2
0.004528 5
0.006636 6
0.000509 2
0.000039 2
0.000453 15
0.077465 2
0.026167 2
0.018190 2
0.020513 4
0.010373 1
0.005651 3
0.008969 2
0.005504 1
0.004610 2
0.014981 3
0.005056 1
0.006373 4
0.013200 5
0.010716 4
0.009782 1
0.009099 5
0.016916 2
0.009875 3
0.008514 2
0.010633 3
0.010234 4
0.006797 4
0.023212 2
0.004854 2
0.010833 1
0.008593 2
0.010814 1
0.005047 2
0.005775 1
0.023788 5
0.006831 3
0.013482 2
0.023999 2
0.010749 2
0.015948 1
0.019200 1
0.005299 2
0.010488 2
0.014300 1
0.015766 1
0.008035 1
0.010708 2
0.035977 1
0.015187 1
0.019147 1
0.019041 1
0.015785 1
0.014369 1
0.016067 1
0.018924 2
0.064743 2
0.082702 1
0.012336 36
0.561490 19
0.291415 19
0.092712 1
0.086138 6
0.000081 12
0.000103 15
0.080324 31
0.082559 83
0.032089 1
35.078544 4
0.549292 1
0.159493 1
1.470625 1
0.134743 2
0.150594 112
0.008213 78
0.000126 83
0.001352 1
24.065937 1
0.133772 1
0.237080 2
3.705744 65
0.011488 62
0.000046 67
0.000031 62
0.000029 47
0.000032 43
0.000137 40
0.000115 1
33.882052 1
0.294121 1
0.599557 1
2.255637 8
